OBSTACLE_AVOIDANCE_DISTANCE=6.246108023851881
BOUNDING_FACTOR=1.8417334728693011
POSITION_TEND_FACTOR=1.0764395761663859
SEPERATION_FACTOR=2.3118639978275692
REGROUPING_RADIUS=6.02347967805871
OBSTACLE_AVOIDANCE_FACTOR=4.6050743004244
SEPERATION_DISTANCE=1.9228073788833149
REGROUPING_FACTOR=5.180045458200826
