OBSTACLE_AVOIDANCE_DISTANCE=6.4321802336576335
BOUNDING_FACTOR=1.9044645769548922
POSITION_TEND_FACTOR=0.9110669362360251
SEPERATION_FACTOR=2.0871572786951256
REGROUPING_RADIUS=5.921200819842404
OBSTACLE_AVOIDANCE_FACTOR=5.086286243552322
SEPERATION_DISTANCE=1.7311546006129443
REGROUPING_FACTOR=4.789608290641207
