OBSTACLE_AVOIDANCE_DISTANCE=6.503849381652379
BOUNDING_FACTOR=1.8289099513480442
POSITION_TEND_FACTOR=0.7050838972158602
SEPERATION_FACTOR=1.7474465742757554
REGROUPING_RADIUS=6.108840605235412
OBSTACLE_AVOIDANCE_FACTOR=5.139484305418887
SEPERATION_DISTANCE=1.665943965311795
REGROUPING_FACTOR=5.168319992637243
