OBSTACLE_AVOIDANCE_DISTANCE=6.42599577436884
BOUNDING_FACTOR=2.0077869903658323
POSITION_TEND_FACTOR=0.8681951724326905
SEPERATION_FACTOR=2.0142052721763153
REGROUPING_RADIUS=6.046425694820718
OBSTACLE_AVOIDANCE_FACTOR=5.183462442993404
SEPERATION_DISTANCE=1.7943227133629351
REGROUPING_FACTOR=4.947111748999144
