OBSTACLE_AVOIDANCE_DISTANCE=6.571603851784588
BOUNDING_FACTOR=1.6683703671524754
POSITION_TEND_FACTOR=1.17468499107861
SEPERATION_FACTOR=2.067516055401191
REGROUPING_RADIUS=5.9913546414562395
OBSTACLE_AVOIDANCE_FACTOR=4.575324319108106
SEPERATION_DISTANCE=1.829705879045146
REGROUPING_FACTOR=5.3892839446636245
