OBSTACLE_AVOIDANCE_DISTANCE=6.607470542049686
BOUNDING_FACTOR=1.9315666470853596
POSITION_TEND_FACTOR=0.6584003243209422
SEPERATION_FACTOR=1.582853329284976
REGROUPING_RADIUS=6.12213030999478
OBSTACLE_AVOIDANCE_FACTOR=5.074838811859559
SEPERATION_DISTANCE=1.6206049915461391
REGROUPING_FACTOR=4.997174677011127
