OBSTACLE_AVOIDANCE_DISTANCE=6.615860482287145
BOUNDING_FACTOR=1.623541428560368
POSITION_TEND_FACTOR=0.6246064241409348
SEPERATION_FACTOR=1.6096187896820235
REGROUPING_RADIUS=6.186161080993761
OBSTACLE_AVOIDANCE_FACTOR=4.941798678393374
SEPERATION_DISTANCE=1.6755693145223174
REGROUPING_FACTOR=4.905938610120346
