OBSTACLE_AVOIDANCE_DISTANCE=6.245297566629535
BOUNDING_FACTOR=1.8723319959476565
POSITION_TEND_FACTOR=0.4714685431115462
SEPERATION_FACTOR=1.796437554306133
REGROUPING_RADIUS=5.779417916880458
OBSTACLE_AVOIDANCE_FACTOR=4.9495053372276665
SEPERATION_DISTANCE=1.8467876491698674
REGROUPING_FACTOR=5.169673607290848
