OBSTACLE_AVOIDANCE_DISTANCE=6.352630966019514
BOUNDING_FACTOR=1.9011495937818057
POSITION_TEND_FACTOR=1.2059905844250394
SEPERATION_FACTOR=2.3435147541521464
REGROUPING_RADIUS=5.724323289173982
OBSTACLE_AVOIDANCE_FACTOR=4.729115963505054
SEPERATION_DISTANCE=1.690390526155106
REGROUPING_FACTOR=5.224767220389342
