OBSTACLE_AVOIDANCE_DISTANCE=6.437528386105583
BOUNDING_FACTOR=1.843243779009419
POSITION_TEND_FACTOR=0.6270058950801106
SEPERATION_FACTOR=1.6473211160566619
REGROUPING_RADIUS=6.102832380290965
OBSTACLE_AVOIDANCE_FACTOR=5.158895153412705
SEPERATION_DISTANCE=1.6107606440363724
REGROUPING_FACTOR=4.9620999310104805
