OBSTACLE_AVOIDANCE_DISTANCE=6.404210346037355
BOUNDING_FACTOR=1.8749409484256154
POSITION_TEND_FACTOR=0.9314598767764428
SEPERATION_FACTOR=1.9646682318927304
REGROUPING_RADIUS=5.972492897518782
OBSTACLE_AVOIDANCE_FACTOR=5.0576591483426
SEPERATION_DISTANCE=1.701374110866565
REGROUPING_FACTOR=4.891663764617752
