OBSTACLE_AVOIDANCE_DISTANCE=6.559039605770554
BOUNDING_FACTOR=1.8779807117670306
POSITION_TEND_FACTOR=0.8809937973814618
SEPERATION_FACTOR=2.125781000168676
REGROUPING_RADIUS=6.025235960267486
OBSTACLE_AVOIDANCE_FACTOR=5.234019388390437
SEPERATION_DISTANCE=1.7568053994645267
REGROUPING_FACTOR=4.763061298521931
