OBSTACLE_AVOIDANCE_DISTANCE=6.63038246610606
BOUNDING_FACTOR=1.9226990814274578
POSITION_TEND_FACTOR=0.6081615444129234
SEPERATION_FACTOR=1.6017129264347931
REGROUPING_RADIUS=6.21542938148804
OBSTACLE_AVOIDANCE_FACTOR=5.123255607190371
SEPERATION_DISTANCE=1.6584861165446885
REGROUPING_FACTOR=4.959145606017882
