OBSTACLE_AVOIDANCE_DISTANCE=6.468697635920626
BOUNDING_FACTOR=1.8191205694928103
POSITION_TEND_FACTOR=0.7542280027815385
SEPERATION_FACTOR=1.7227584088274353
REGROUPING_RADIUS=6.1311259338028705
OBSTACLE_AVOIDANCE_FACTOR=5.092212692752652
SEPERATION_DISTANCE=1.579553570233253
REGROUPING_FACTOR=4.950352152811198

